{"data":[{"colorscale":[[0,"green"],[1,"green"]],"contours":{"z":{"color":"green","end":5.286335345030997,"project":{"z":true},"show":true,"size":1,"start":1.2863353450309964,"usecolormap":false}},"name":"cost","opacity":0.4,"showscale":false,"x":[1.0,1.25,1.5,1.75,2.0,2.25,2.5,2.75,3.0,3.25,3.5,3.75,4.0,4.25,4.5,4.75,5.0,5.25,5.5,5.75,6.0,6.25,6.5,6.75,7.0,7.25,7.5,7.75,8.0,8.25,8.5,8.75],"y":[1.0,1.25,1.5,1.75,2.0,2.25,2.5,2.75,3.0,3.25,3.5,3.75,4.0,4.25,4.5,4.75,5.0,5.25,5.5,5.75,6.0,6.25,6.5,6.75,7.0,7.25,7.5,7.75,8.0,8.25,8.5,8.75],"z":[[1.1,1.25,1.4,1.55,1.7,1.8499999999999999,2.0,2.15,2.3,2.45,2.6,2.75,2.9,3.05,3.1999999999999997,3.35,3.5,3.65,3.8,3.9499999999999997,4.1,4.25,4.4,4.55,4.7,4.85,5.0,5.1499999999999995,5.3,5.45,5.6,5.75],[1.225,1.375,1.525,1.675,1.825,1.9749999999999999,2.125,2.275,2.425,2.575,2.725,2.875,3.025,3.175,3.3249999999999997,3.475,3.625,3.775,3.925,4.074999999999999,4.225,4.375,4.525,4.675,4.825,4.975,5.125,5.2749999999999995,5.425,5.575,5.725,5.875],[1.35,1.5,1.65,1.8,1.95,2.0999999999999996,2.25,2.4,2.55,2.7,2.85,3.0,3.15,3.3,3.4499999999999997,3.6,3.75,3.9,4.05,4.199999999999999,4.35,4.5,4.65,4.8,4.95,5.1,5.25,5.3999999999999995,5.55,5.7,5.85,6.0],[1.475,1.625,1.775,1.925,2.075,2.2249999999999996,2.375,2.525,2.675,2.825,2.975,3.125,3.275,3.425,3.5749999999999997,3.725,3.875,4.025,4.175,4.324999999999999,4.475,4.625,4.775,4.925,5.075,5.225,5.375,5.5249999999999995,5.675,5.825,5.975,6.125],[1.6,1.75,1.9,2.05,2.2,2.3499999999999996,2.5,2.65,2.8,2.95,3.1,3.25,3.4,3.55,3.6999999999999997,3.85,4.0,4.15,4.3,4.449999999999999,4.6,4.75,4.9,5.05,5.2,5.35,5.5,5.6499999999999995,5.8,5.95,6.1,6.25],[1.725,1.875,2.025,2.175,2.325,2.4749999999999996,2.625,2.775,2.925,3.075,3.225,3.375,3.525,3.675,3.8249999999999997,3.975,4.125,4.275,4.425,4.574999999999999,4.725,4.875,5.025,5.175,5.325,5.475,5.625,5.7749999999999995,5.925,6.075,6.225,6.375],[1.85,2.0,2.15,2.3,2.45,2.5999999999999996,2.75,2.9,3.05,3.2,3.35,3.5,3.65,3.8,3.9499999999999997,4.1,4.25,4.4,4.55,4.699999999999999,4.85,5.0,5.15,5.3,5.45,5.6,5.75,5.8999999999999995,6.05,6.2,6.35,6.5],[1.975,2.125,2.275,2.425,2.575,2.7249999999999996,2.875,3.025,3.175,3.325,3.475,3.625,3.775,3.925,4.074999999999999,4.225,4.375,4.525,4.675,4.824999999999999,4.975,5.125,5.275,5.425,5.575,5.725,5.875,6.0249999999999995,6.175,6.325,6.475,6.625],[2.1,2.25,2.4,2.55,2.7,2.8499999999999996,3.0,3.15,3.3,3.45,3.6,3.75,3.9,4.05,4.199999999999999,4.35,4.5,4.65,4.8,4.949999999999999,5.1,5.25,5.4,5.55,5.7,5.85,6.0,6.1499999999999995,6.3,6.45,6.6,6.75],[2.225,2.375,2.525,2.675,2.825,2.9749999999999996,3.125,3.275,3.425,3.575,3.725,3.875,4.025,4.175,4.324999999999999,4.475,4.625,4.775,4.925,5.074999999999999,5.225,5.375,5.525,5.675,5.825,5.975,6.125,6.2749999999999995,6.425,6.575,6.725,6.875],[2.35,2.5,2.65,2.8,2.95,3.0999999999999996,3.25,3.4,3.55,3.7,3.85,4.0,4.15,4.3,4.449999999999999,4.6,4.75,4.9,5.05,5.199999999999999,5.35,5.5,5.65,5.8,5.95,6.1,6.25,6.3999999999999995,6.55,6.7,6.85,7.0],[2.475,2.625,2.775,2.925,3.075,3.2249999999999996,3.375,3.525,3.675,3.825,3.975,4.125,4.275,4.425,4.574999999999999,4.725,4.875,5.025,5.175,5.324999999999999,5.475,5.625,5.775,5.925,6.075,6.225,6.375,6.5249999999999995,6.675,6.825,6.975,7.125],[2.6,2.75,2.9,3.05,3.2,3.3499999999999996,3.5,3.65,3.8,3.95,4.1,4.25,4.4,4.55,4.699999999999999,4.85,5.0,5.15,5.3,5.449999999999999,5.6,5.75,5.9,6.05,6.2,6.35,6.5,6.6499999999999995,6.8,6.95,7.1,7.25],[2.725,2.875,3.025,3.175,3.325,3.4749999999999996,3.625,3.775,3.925,4.075,4.225,4.375,4.525,4.675,4.824999999999999,4.975,5.125,5.275,5.425,5.574999999999999,5.725,5.875,6.025,6.175,6.325,6.475,6.625,6.7749999999999995,6.925,7.075,7.225,7.375],[2.85,3.0,3.15,3.3,3.45,3.5999999999999996,3.75,3.9,4.05,4.2,4.35,4.5,4.65,4.8,4.949999999999999,5.1,5.25,5.4,5.55,5.699999999999999,5.85,6.0,6.15,6.3,6.45,6.6,6.75,6.8999999999999995,7.05,7.2,7.35,7.5],[2.975,3.125,3.275,3.425,3.575,3.7249999999999996,3.875,4.025,4.175,4.325,4.475,4.625,4.775,4.925,5.074999999999999,5.225,5.375,5.525,5.675,5.824999999999999,5.975,6.125,6.275,6.425,6.575,6.725,6.875,7.0249999999999995,7.175,7.325,7.475,7.625],[3.1,3.25,3.4,3.55,3.7,3.8499999999999996,4.0,4.15,4.3,4.45,4.6,4.75,4.9,5.05,5.199999999999999,5.35,5.5,5.65,5.8,5.949999999999999,6.1,6.25,6.4,6.55,6.7,6.85,7.0,7.1499999999999995,7.3,7.45,7.6,7.75],[3.225,3.375,3.525,3.675,3.825,3.9749999999999996,4.125,4.275,4.425,4.575,4.725,4.875,5.025,5.175,5.324999999999999,5.475,5.625,5.775,5.925,6.074999999999999,6.225,6.375,6.525,6.675,6.825,6.975,7.125,7.2749999999999995,7.425,7.575,7.725,7.875],[3.35,3.5,3.65,3.8,3.95,4.1,4.25,4.4,4.55,4.7,4.85,5.0,5.15,5.3,5.449999999999999,5.6,5.75,5.9,6.05,6.199999999999999,6.35,6.5,6.65,6.8,6.95,7.1,7.25,7.3999999999999995,7.55,7.7,7.85,8.0],[3.475,3.625,3.775,3.925,4.075,4.225,4.375,4.525,4.675,4.825,4.975,5.125,5.275,5.425,5.574999999999999,5.725,5.875,6.025,6.175,6.324999999999999,6.475,6.625,6.775,6.925,7.075,7.225,7.375,7.5249999999999995,7.675,7.825,7.975,8.125],[3.6,3.75,3.9,4.05,4.2,4.35,4.5,4.65,4.8,4.95,5.1,5.25,5.4,5.55,5.699999999999999,5.85,6.0,6.15,6.3,6.449999999999999,6.6,6.75,6.9,7.05,7.2,7.35,7.5,7.6499999999999995,7.8,7.95,8.1,8.25],[3.725,3.875,4.025,4.175,4.325,4.475,4.625,4.775,4.925,5.075,5.225,5.375,5.525,5.675,5.824999999999999,5.975,6.125,6.275,6.425,6.574999999999999,6.725,6.875,7.025,7.175,7.325,7.475,7.625,7.7749999999999995,7.925,8.075,8.225,8.375],[3.85,4.0,4.15,4.3,4.45,4.6,4.75,4.9,5.05,5.2,5.35,5.5,5.65,5.8,5.949999999999999,6.1,6.25,6.4,6.55,6.699999999999999,6.85,7.0,7.15,7.3,7.45,7.6,7.75,7.8999999999999995,8.05,8.2,8.35,8.5],[3.975,4.125,4.275,4.425,4.575,4.725,4.875,5.025,5.175,5.325,5.475,5.625,5.775,5.925,6.074999999999999,6.225,6.375,6.525,6.675,6.824999999999999,6.975,7.125,7.275,7.425,7.575,7.725,7.875,8.024999999999999,8.175,8.325,8.475,8.625],[4.1,4.25,4.4,4.55,4.7,4.85,5.0,5.15,5.3,5.45,5.6,5.75,5.9,6.05,6.199999999999999,6.35,6.5,6.65,6.8,6.949999999999999,7.1,7.25,7.4,7.55,7.7,7.85,8.0,8.149999999999999,8.3,8.45,8.6,8.75],[4.225,4.375,4.525,4.675,4.825,4.975,5.125,5.275,5.425,5.575,5.725,5.875,6.025,6.175,6.324999999999999,6.475,6.625,6.775,6.925,7.074999999999999,7.225,7.375,7.525,7.675,7.825,7.975,8.125,8.274999999999999,8.425,8.575,8.725,8.875],[4.35,4.5,4.65,4.8,4.95,5.1,5.25,5.4,5.55,5.7,5.85,6.0,6.15,6.3,6.449999999999999,6.6,6.75,6.9,7.05,7.199999999999999,7.35,7.5,7.65,7.8,7.95,8.1,8.25,8.399999999999999,8.55,8.7,8.85,9.0],[4.475,4.625,4.775,4.925,5.075,5.225,5.375,5.525,5.675,5.825,5.975,6.125,6.275,6.425,6.574999999999999,6.725,6.875,7.025,7.175,7.324999999999999,7.475,7.625,7.775,7.925,8.075,8.225,8.375,8.524999999999999,8.675,8.825,8.975,9.125],[4.6,4.75,4.9,5.05,5.2,5.35,5.5,5.65,5.8,5.95,6.1,6.25,6.4,6.55,6.699999999999999,6.85,7.0,7.15,7.3,7.449999999999999,7.6,7.75,7.9,8.05,8.2,8.35,8.5,8.649999999999999,8.8,8.95,9.1,9.25],[4.725,4.875,5.025,5.175,5.325,5.475,5.625,5.775,5.925,6.075,6.225,6.375,6.525,6.675,6.824999999999999,6.975,7.125,7.275,7.425,7.574999999999999,7.725,7.875,8.025,8.175,8.325,8.475,8.625,8.774999999999999,8.925,9.075,9.225,9.375],[4.85,5.0,5.15,5.3,5.45,5.6,5.75,5.9,6.05,6.2,6.35,6.5,6.65,6.8,6.949999999999999,7.1,7.25,7.4,7.55,7.699999999999999,7.85,8.0,8.15,8.3,8.45,8.6,8.75,8.899999999999999,9.05,9.2,9.35,9.5],[4.975,5.125,5.275,5.425,5.575,5.725,5.875,6.025,6.175,6.325,6.475,6.625,6.775,6.925,7.074999999999999,7.225,7.375,7.525,7.675,7.824999999999999,7.975,8.125,8.275,8.425,8.575,8.725,8.875,9.024999999999999,9.175,9.325,9.475,9.625]],"type":"surface"},{"contours":{"z":{"end":4,"project":{"z":true},"show":true,"size":1.0,"start":3,"usecolormap":true}},"name":"production","x":[1.0,1.25,1.5,1.75,2.0,2.25,2.5,2.75,3.0,3.25,3.5,3.75,4.0,4.25,4.5,4.75,5.0,5.25,5.5,5.75,6.0,6.25,6.5,6.75,7.0,7.25,7.5,7.75,8.0,8.25,8.5,8.75],"y":[1.0,1.25,1.5,1.75,2.0,2.25,2.5,2.75,3.0,3.25,3.5,3.75,4.0,4.25,4.5,4.75,5.0,5.25,5.5,5.75,6.0,6.25,6.5,6.75,7.0,7.25,7.5,7.75,8.0,8.25,8.5,8.75],"z":[[1.0,1.118033988749895,1.224744871391589,1.3228756555322954,1.4142135623730951,1.5,1.5811388300841898,1.6583123951777,1.7320508075688772,1.8027756377319946,1.8708286933869707,1.9364916731037085,2.0,2.0615528128088303,2.1213203435596424,2.179449471770337,2.23606797749979,2.29128784747792,2.345207879911715,2.3979157616563596,2.449489742783178,2.5,2.5495097567963922,2.598076211353316,2.6457513110645907,2.692582403567252,2.7386127875258306,2.7838821814150108,2.8284271247461903,2.8722813232690143,2.9154759474226504,2.958039891549808],[1.118033988749895,1.2500000000000002,1.3693063937629153,1.4790199457749043,1.5811388300841898,1.6770509831248424,1.767766952966369,1.8540496217739157,1.9364916731037085,2.0155644370746373,2.091650066335189,2.165063509461097,2.23606797749979,2.3048861143232218,2.3717082451262845,2.4366985862022412,2.5000000000000004,2.5617376914898995,2.6220221204253793,2.680951323690902,2.7386127875258306,2.7950849718747373,2.850438562747845,2.904737509655563,2.9580398915498085,3.010398644698074,3.061862178478973,3.112474899497183,3.1622776601683795,3.2113081446662823,3.2596012026013246,3.3071891388307386],[1.224744871391589,1.3693063937629153,1.4999999999999998,1.620185174601965,1.7320508075688772,1.8371173070873834,1.9364916731037083,2.0310096011589898,2.1213203435596424,2.2079402165819615,2.29128784747792,2.3717082451262845,2.449489742783178,2.5248762345905194,2.5980762113533156,2.669269563007828,2.7386127875258306,2.8062430400804557,2.8722813232690143,2.936835031117682,2.9999999999999996,3.0618621784789726,3.1224989991991987,3.181980515339464,3.24037034920393,3.2977264895682294,3.3541019662496843,3.4095454242464633,3.4641016151377544,3.5178118198675716,3.5707142142714248,3.6228441865473595],[1.3228756555322954,1.4790199457749043,1.620185174601965,1.7500000000000002,1.8708286933869709,1.984313483298443,2.091650066335189,2.1937410968480306,2.29128784747792,2.384848003542364,2.4748737341529163,2.5617376914899,2.6457513110645907,2.727178028658929,2.806243040080456,2.8831406486676996,2.9580398915498085,3.031088913245535,3.1024184114977142,3.17214438511238,3.24037034920393,3.307189138830738,3.3726843908080104,3.43693177121688,3.5000000000000004,3.5619517121937516,3.62284418654736,3.6827299656640586,3.7416573867739418,3.799671038392666,3.8568121551353785,3.913118960624632],[1.4142135623730951,1.5811388300841898,1.7320508075688772,1.8708286933869709,2.0000000000000004,2.121320343559643,2.23606797749979,2.345207879911715,2.4494897427831783,2.5495097567963927,2.6457513110645907,2.738612787525831,2.8284271247461903,2.9154759474226504,3.0,3.082207001484489,3.1622776601683795,3.24037034920393,3.3166247903554003,3.391164991562634,3.4641016151377544,3.5355339059327378,3.605551275463989,3.6742346141747677,3.7416573867739418,3.8078865529319543,3.872983346207417,3.9370039370059056,4.000000000000001,4.06201920231798,4.123105625617661,4.183300132670378],[1.5,1.6770509831248424,1.8371173070873834,1.984313483298443,2.121320343559643,2.25,2.3717082451262845,2.48746859276655,2.598076211353316,2.7041634565979917,2.806243040080456,2.904737509655563,3.0,3.092329219213245,3.181980515339464,3.2691742076555057,3.3541019662496847,3.43693177121688,3.517811819867572,3.5968736424845393,3.674234614174767,3.75,3.8242646351945884,3.897114317029974,3.968626966596886,4.038873605350878,4.107919181288746,4.175823272122516,4.242640687119286,4.3084219849035215,4.373213921133976,4.437059837324712],[1.5811388300841898,1.767766952966369,1.9364916731037083,2.091650066335189,2.23606797749979,2.3717082451262845,2.5000000000000004,2.622022120425379,2.7386127875258306,2.850438562747845,2.958039891549808,3.061862178478973,3.1622776601683795,3.2596012026013246,3.3541019662496843,3.446012188022556,3.535533905932738,3.6228441865473595,3.708099243547832,3.7914377220257753,3.8729833462074166,3.9528470752104745,4.031128874149275,4.107919181288747,4.183300132670378,4.257346591481601,4.330127018922194,4.401704215414752,4.47213595499958,4.541475531146237,4.609772228646444,4.677071733467427],[1.6583123951777,1.8540496217739157,2.0310096011589898,2.1937410968480306,2.345207879911715,2.48746859276655,2.622022120425379,2.75,2.8722813232690143,2.989565185775349,3.1024184114977142,3.2113081446662823,3.3166247903554,3.418698582794336,3.5178118198675716,3.61420807370024,3.7080992435478315,3.7996710383926655,3.8890872965260117,3.976493430146716,4.0620192023179795,4.145780987944249,4.227883631321941,4.3084219849035215,4.387482193696061,4.4651427748729375,4.541475531146237,4.616546328154847,4.69041575982343,4.763139720814412,4.834769901453429,4.905354217587146],[1.7320508075688772,1.9364916731037085,2.1213203435596424,2.29128784747792,2.4494897427831783,2.598076211353316,2.7386127875258306,2.8722813232690143,2.9999999999999996,3.1224989991991987,3.2403703492039297,3.3541019662496843,3.4641016151377544,3.5707142142714248,3.674234614174767,3.774917217635375,3.872983346207417,3.9686269665968856,4.06201920231798,4.1533119314590365,4.242640687119285,4.330127018922193,4.415880433163923,4.5,4.58257569495584,4.663689526544407,4.743416490252569,4.821825380496477,4.898979485566357,4.9749371855331,5.049752469181039,5.123475382979799],[1.8027756377319946,2.0155644370746373,2.2079402165819615,2.384848003542364,2.5495097567963927,2.7041634565979917,2.850438562747845,2.989565185775349,3.1224989991991987,3.2499999999999996,3.37268439080801,3.491060010942235,3.605551275463989,3.716517186829626,3.824264635194588,3.929058411375428,4.031128874149275,4.130677910464576,4.227883631321941,4.322904116447645,4.415880433163923,4.5069390943299865,4.596194077712559,4.683748498798798,4.769696007084728,4.854121959736899,4.937104414532874,5.018714974971182,5.099019513592785,5.178078794301994,5.25594901040716,5.332682251925386],[1.8708286933869707,2.091650066335189,2.29128784747792,2.4748737341529163,2.6457513110645907,2.806243040080456,2.958039891549808,3.1024184114977142,3.2403703492039297,3.37268439080801,3.5,3.6228441865473595,3.7416573867739413,3.856812155135378,3.9686269665968856,4.077376607575023,4.183300132670378,4.286607049870561,4.387482193696061,4.48608961123159,4.58257569495584,4.677071733467427,4.769696007084728,4.860555523805895,4.949747468305833,5.037360419902471,5.123475382979799,5.208166663999914,5.291502622129181,5.373546315051169,5.454356057317858,5.533985905294664],[1.9364916731037085,2.165063509461097,2.3717082451262845,2.5617376914899,2.738612787525831,2.904737509655563,3.061862178478973,3.2113081446662823,3.3541019662496843,3.491060010942235,3.6228441865473595,3.7500000000000004,3.872983346207417,3.9921798556678283,4.107919181288746,4.220485754033533,4.330127018922194,4.437059837324712,4.541475531146238,4.643543905251677,4.743416490252569,4.841229182759271,4.937104414532874,5.031152949374527,5.1234753829798,5.2141634036535525,5.303300858899107,5.390964663211956,5.477225575051662,5.562148865321747,5.645794895318108,5.7282196186948005],[2.0,2.23606797749979,2.449489742783178,2.6457513110645907,2.8284271247461903,3.0,3.1622776601683795,3.3166247903554,3.4641016151377544,3.605551275463989,3.7416573867739413,3.872983346207417,4.0,4.123105625617661,4.242640687119285,4.358898943540674,4.47213595499958,4.58257569495584,4.69041575982343,4.795831523312719,4.898979485566356,5.0,5.0990195135927845,5.196152422706632,5.291502622129181,5.385164807134504,5.477225575051661,5.5677643628300215,5.656854249492381,5.744562646538029,5.830951894845301,5.916079783099616],[2.0615528128088303,2.3048861143232218,2.5248762345905194,2.727178028658929,2.9154759474226504,3.092329219213245,3.2596012026013246,3.418698582794336,3.5707142142714248,3.716517186829626,3.856812155135378,3.9921798556678283,4.123105625617661,4.25,4.373213921133975,4.493050188902858,4.6097722286464435,4.723610906922796,4.834769901453429,4.9434299833212965,5.049752469181039,5.153882032022076,5.255949010407159,5.356071321407137,5.454356057317858,5.550900827793629,5.645794895318107,5.739120141624498,5.830951894845301,5.921359641163505,6.0104076400856545,6.098155458825234],[2.1213203435596424,2.3717082451262845,2.5980762113533156,2.806243040080456,3.0,3.181980515339464,3.3541019662496843,3.5178118198675716,3.674234614174767,3.824264635194588,3.9686269665968856,4.107919181288746,4.242640687119285,4.373213921133975,4.499999999999999,4.623310502226732,4.743416490252569,4.860555523805894,4.9749371855331,5.08674748734395,5.196152422706631,5.303300858899106,5.4083269131959835,5.5113519212621505,5.612486080160912,5.711829829397931,5.809475019311125,5.905505905508857,6.0,6.09302880347697,6.18465843842649,6.274950199005566],[2.179449471770337,2.4366985862022412,2.669269563007828,2.8831406486676996,3.082207001484489,3.2691742076555057,3.446012188022556,3.61420807370024,3.774917217635375,3.929058411375428,4.077376607575023,4.220485754033533,4.358898943540674,4.493050188902858,4.623310502226732,4.750000000000001,4.8733971724044824,4.993746088859545,5.111262075065219,5.226136240091718,5.338539126015656,5.448623679425842,5.5565276927232174,5.662375826453063,5.766281297335399,5.868347297152751,5.968668193156661,6.067330549755798,6.164414002968978,6.2599920127744575,6.354132513569418,6.446898479113814],[2.23606797749979,2.5000000000000004,2.7386127875258306,2.9580398915498085,3.1622776601683795,3.3541019662496847,3.535533905932738,3.7080992435478315,3.872983346207417,4.031128874149275,4.183300132670378,4.330127018922194,4.47213595499958,4.6097722286464435,4.743416490252569,4.8733971724044824,5.000000000000001,5.123475382979799,5.244044240850759,5.361902647381804,5.477225575051661,5.5901699437494745,5.70087712549569,5.809475019311126,5.916079783099617,6.020797289396148,6.123724356957946,6.224949798994366,6.324555320336759,6.422616289332565,6.519202405202649,6.614378277661477],[2.29128784747792,2.5617376914898995,2.8062430400804557,3.031088913245535,3.24037034920393,3.43693177121688,3.6228441865473595,3.7996710383926655,3.9686269665968856,4.130677910464576,4.286607049870561,4.437059837324712,4.58257569495584,4.723610906922796,4.860555523805894,4.993746088859545,5.123475382979799,5.25,5.373546315051169,5.494315243958977,5.612486080160911,5.7282196186948,5.841660722773961,5.952940449895329,6.06217782649107,6.1694813396265324,6.274950199005566,6.378675411086536,6.48074069840786,6.5812232905440915,6.680194607943694,6.777720855862979],[2.345207879911715,2.6220221204253793,2.8722813232690143,3.1024184114977142,3.3166247903554003,3.517811819867572,3.708099243547832,3.8890872965260117,4.06201920231798,4.227883631321941,4.387482193696061,4.541475531146238,4.69041575982343,4.834769901453429,4.9749371855331,5.111262075065219,5.244044240850759,5.373546315051169,5.5,5.623610939600996,5.744562646538029,5.863019699779287,5.979130371550699,6.093028803476971,6.2048368229954285,6.314665470157544,6.422616289332565,6.528782428600297,6.6332495807108005,6.73609679265374,6.837397165588672,6.937218462755804],[2.3979157616563596,2.680951323690902,2.936835031117682,3.17214438511238,3.391164991562634,3.5968736424845393,3.7914377220257753,3.976493430146716,4.1533119314590365,4.322904116447645,4.48608961123159,4.643543905251677,4.795831523312719,4.9434299833212965,5.08674748734395,5.226136240091718,5.361902647381804,5.494315243958977,5.623610939600996,5.749999999999999,5.873670062235364,5.994789404140899,6.113509630318741,6.229967897188556,6.34428877022476,6.456585785072478,6.566962768281848,6.675514961409343,6.782329983125268,6.887488656977955,6.991065727054782,7.093130479555553],[2.449489742783178,2.7386127875258306,2.9999999999999996,3.24037034920393,3.4641016151377544,3.674234614174767,3.8729833462074166,4.0620192023179795,4.242640687119285,4.415880433163923,4.58257569495584,4.743416490252569,4.898979485566356,5.049752469181039,5.196152422706631,5.338539126015656,5.477225575051661,5.612486080160911,5.744562646538029,5.873670062235364,5.999999999999999,6.123724356957945,6.244997998398397,6.363961030678928,6.48074069840786,6.595452979136459,6.7082039324993685,6.819090848492927,6.928203230275509,7.035623639735143,7.1414284285428495,7.245688373094719],[2.5,2.7950849718747373,3.0618621784789726,3.307189138830738,3.5355339059327378,3.75,3.9528470752104745,4.145780987944249,4.330127018922193,4.5069390943299865,4.677071733467427,4.841229182759271,5.0,5.153882032022076,5.303300858899106,5.448623679425842,5.5901699437494745,5.7282196186948,5.863019699779287,5.994789404140899,6.123724356957945,6.25,6.373774391990981,6.49519052838329,6.614378277661476,6.73145600891813,6.846531968814577,6.959705453537527,7.0710678118654755,7.180703308172536,7.2886898685566255,7.39509972887452],[2.5495097567963922,2.850438562747845,3.1224989991991987,3.3726843908080104,3.605551275463989,3.8242646351945884,4.031128874149275,4.227883631321941,4.415880433163923,4.596194077712559,4.769696007084728,4.937104414532874,5.0990195135927845,5.255949010407159,5.4083269131959835,5.5565276927232174,5.70087712549569,5.841660722773961,5.979130371550699,6.113509630318741,6.244997998398397,6.373774391990981,6.499999999999999,6.623820649745885,6.745368781616021,6.86476510887299,6.98212002188447,7.097534783289194,7.211102550927978,7.322909257938404,7.433034373659253,7.541551564499177],[2.598076211353316,2.904737509655563,3.181980515339464,3.43693177121688,3.6742346141747677,3.897114317029974,4.107919181288747,4.3084219849035215,4.5,4.683748498798798,4.860555523805895,5.031152949374527,5.196152422706632,5.356071321407137,5.5113519212621505,5.662375826453063,5.809475019311126,5.952940449895329,6.093028803476971,6.229967897188556,6.363961030678928,6.49519052838329,6.623820649745885,6.75,6.87386354243376,6.995534289816611,7.115124735378854,7.232738070744716,7.348469228349535,7.46240577829965,7.574628703771559,7.685213074469699],[2.6457513110645907,2.9580398915498085,3.24037034920393,3.5000000000000004,3.7416573867739418,3.968626966596886,4.183300132670378,4.387482193696061,4.58257569495584,4.769696007084728,4.949747468305833,5.1234753829798,5.291502622129181,5.454356057317858,5.612486080160912,5.766281297335399,5.916079783099617,6.06217782649107,6.2048368229954285,6.34428877022476,6.48074069840786,6.614378277661476,6.745368781616021,6.87386354243376,7.000000000000001,7.123903424387503,7.24568837309472,7.365459931328117,7.4833147735478835,7.599342076785332,7.713624310270757,7.826237921249264],[2.692582403567252,3.010398644698074,3.2977264895682294,3.5619517121937516,3.8078865529319543,4.038873605350878,4.257346591481601,4.4651427748729375,4.663689526544407,4.854121959736899,5.037360419902471,5.2141634036535525,5.385164807134504,5.550900827793629,5.711829829397931,5.868347297152751,6.020797289396148,6.1694813396265324,6.314665470157544,6.456585785072478,6.595452979136459,6.73145600891813,6.86476510887299,6.995534289816611,7.123903424387503,7.249999999999999,7.3739406018763125,7.495832175282474,7.615773105863909,7.73385414912901,7.850159234053791,7.964766161036995],[2.7386127875258306,3.061862178478973,3.3541019662496843,3.62284418654736,3.872983346207417,4.107919181288746,4.330127018922194,4.541475531146237,4.743416490252569,4.937104414532874,5.123475382979799,5.303300858899107,5.477225575051661,5.645794895318107,5.809475019311125,5.968668193156661,6.123724356957946,6.274950199005566,6.422616289332565,6.566962768281848,6.7082039324993685,6.846531968814577,6.98212002188447,7.115124735378854,7.24568837309472,7.3739406018763125,7.5,7.623975340988452,7.745966692414834,7.866066361276137,7.984359711335657,8.100925873009826],[2.7838821814150108,3.112474899497183,3.4095454242464633,3.6827299656640586,3.9370039370059056,4.175823272122516,4.401704215414752,4.616546328154847,4.821825380496477,5.018714974971182,5.208166663999914,5.390964663211956,5.5677643628300215,5.739120141624498,5.905505905508857,6.067330549755798,6.224949798994366,6.378675411086536,6.528782428600297,6.675514961409343,6.819090848492927,6.959705453537527,7.097534783289194,7.232738070744716,7.365459931328117,7.495832175282474,7.623975340988452,7.749999999999999,7.874007874011811,7.996092795859737,8.116341540373963,8.234834546000302],[2.8284271247461903,3.1622776601683795,3.4641016151377544,3.7416573867739418,4.000000000000001,4.242640687119286,4.47213595499958,4.69041575982343,4.898979485566357,5.099019513592785,5.291502622129181,5.477225575051662,5.656854249492381,5.830951894845301,6.0,6.164414002968978,6.324555320336759,6.48074069840786,6.6332495807108005,6.782329983125268,6.928203230275509,7.0710678118654755,7.211102550927978,7.348469228349535,7.4833147735478835,7.615773105863909,7.745966692414834,7.874007874011811,8.000000000000002,8.12403840463596,8.246211251235321,8.366600265340756],[2.8722813232690143,3.2113081446662823,3.5178118198675716,3.799671038392666,4.06201920231798,4.3084219849035215,4.541475531146237,4.763139720814412,4.9749371855331,5.178078794301994,5.373546315051169,5.562148865321747,5.744562646538029,5.921359641163505,6.09302880347697,6.2599920127744575,6.422616289332565,6.5812232905440915,6.73609679265374,6.887488656977955,7.035623639735143,7.180703308172536,7.322909257938404,7.46240577829965,7.599342076785332,7.73385414912901,7.866066361276137,7.996092795859737,8.12403840463596,8.25,8.374067112222113,8.496322733983215],[2.9154759474226504,3.2596012026013246,3.5707142142714248,3.8568121551353785,4.123105625617661,4.373213921133976,4.609772228646444,4.834769901453429,5.049752469181039,5.25594901040716,5.454356057317858,5.645794895318108,5.830951894845301,6.0104076400856545,6.18465843842649,6.354132513569418,6.519202405202649,6.680194607943694,6.837397165588672,6.991065727054782,7.1414284285428495,7.2886898685566255,7.433034373659253,7.574628703771559,7.713624310270757,7.850159234053791,7.984359711335657,8.116341540373963,8.246211251235321,8.374067112222113,8.5,8.624094155330171],[2.958039891549808,3.3071891388307386,3.6228441865473595,3.913118960624632,4.183300132670378,4.437059837324712,4.677071733467427,4.905354217587146,5.123475382979799,5.332682251925386,5.533985905294664,5.7282196186948005,5.916079783099616,6.098155458825234,6.274950199005566,6.446898479113814,6.614378277661477,6.777720855862979,6.937218462755804,7.093130479555553,7.245688373094719,7.39509972887452,7.541551564499177,7.685213074469699,7.826237921249264,7.964766161036995,8.100925873009826,8.234834546000302,8.366600265340756,8.496322733983215,8.624094155330171,8.75]],"type":"surface"},{"name":"benchmark","opacity":0.1,"showscale":false,"x":[1.0,1.25,1.5,1.75,2.0,2.25,2.5,2.75,3.0,3.25,3.5,3.75,4.0,4.25,4.5,4.75,5.0,5.25,5.5,5.75,6.0,6.25,6.5,6.75,7.0,7.25,7.5,7.75,8.0,8.25,8.5,8.75],"y":[1.0,1.25,1.5,1.75,2.0,2.25,2.5,2.75,3.0,3.25,3.5,3.75,4.0,4.25,4.5,4.75,5.0,5.25,5.5,5.75,6.0,6.25,6.5,6.75,7.0,7.25,7.5,7.75,8.0,8.25,8.5,8.75],"z":[[3.0,3.0,3.0,3.0,3.0,3.0,3.0,3.0,3.0,3.0,3.0,3.0,3.0,3.0,3.0,3.0,3.0,3.0,3.0,3.0,3.0,3.0,3.0,3.0,3.0,3.0,3.0,3.0,3.0,3.0,3.0,3.0],[3.0,3.0,3.0,3.0,3.0,3.0,3.0,3.0,3.0,3.0,3.0,3.0,3.0,3.0,3.0,3.0,3.0,3.0,3.0,3.0,3.0,3.0,3.0,3.0,3.0,3.0,3.0,3.0,3.0,3.0,3.0,3.0],[3.0,3.0,3.0,3.0,3.0,3.0,3.0,3.0,3.0,3.0,3.0,3.0,3.0,3.0,3.0,3.0,3.0,3.0,3.0,3.0,3.0,3.0,3.0,3.0,3.0,3.0,3.0,3.0,3.0,3.0,3.0,3.0],[3.0,3.0,3.0,3.0,3.0,3.0,3.0,3.0,3.0,3.0,3.0,3.0,3.0,3.0,3.0,3.0,3.0,3.0,3.0,3.0,3.0,3.0,3.0,3.0,3.0,3.0,3.0,3.0,3.0,3.0,3.0,3.0],[3.0,3.0,3.0,3.0,3.0,3.0,3.0,3.0,3.0,3.0,3.0,3.0,3.0,3.0,3.0,3.0,3.0,3.0,3.0,3.0,3.0,3.0,3.0,3.0,3.0,3.0,3.0,3.0,3.0,3.0,3.0,3.0],[3.0,3.0,3.0,3.0,3.0,3.0,3.0,3.0,3.0,3.0,3.0,3.0,3.0,3.0,3.0,3.0,3.0,3.0,3.0,3.0,3.0,3.0,3.0,3.0,3.0,3.0,3.0,3.0,3.0,3.0,3.0,3.0],[3.0,3.0,3.0,3.0,3.0,3.0,3.0,3.0,3.0,3.0,3.0,3.0,3.0,3.0,3.0,3.0,3.0,3.0,3.0,3.0,3.0,3.0,3.0,3.0,3.0,3.0,3.0,3.0,3.0,3.0,3.0,3.0],[3.0,3.0,3.0,3.0,3.0,3.0,3.0,3.0,3.0,3.0,3.0,3.0,3.0,3.0,3.0,3.0,3.0,3.0,3.0,3.0,3.0,3.0,3.0,3.0,3.0,3.0,3.0,3.0,3.0,3.0,3.0,3.0],[3.0,3.0,3.0,3.0,3.0,3.0,3.0,3.0,3.0,3.0,3.0,3.0,3.0,3.0,3.0,3.0,3.0,3.0,3.0,3.0,3.0,3.0,3.0,3.0,3.0,3.0,3.0,3.0,3.0,3.0,3.0,3.0],[3.0,3.0,3.0,3.0,3.0,3.0,3.0,3.0,3.0,3.0,3.0,3.0,3.0,3.0,3.0,3.0,3.0,3.0,3.0,3.0,3.0,3.0,3.0,3.0,3.0,3.0,3.0,3.0,3.0,3.0,3.0,3.0],[3.0,3.0,3.0,3.0,3.0,3.0,3.0,3.0,3.0,3.0,3.0,3.0,3.0,3.0,3.0,3.0,3.0,3.0,3.0,3.0,3.0,3.0,3.0,3.0,3.0,3.0,3.0,3.0,3.0,3.0,3.0,3.0],[3.0,3.0,3.0,3.0,3.0,3.0,3.0,3.0,3.0,3.0,3.0,3.0,3.0,3.0,3.0,3.0,3.0,3.0,3.0,3.0,3.0,3.0,3.0,3.0,3.0,3.0,3.0,3.0,3.0,3.0,3.0,3.0],[3.0,3.0,3.0,3.0,3.0,3.0,3.0,3.0,3.0,3.0,3.0,3.0,3.0,3.0,3.0,3.0,3.0,3.0,3.0,3.0,3.0,3.0,3.0,3.0,3.0,3.0,3.0,3.0,3.0,3.0,3.0,3.0],[3.0,3.0,3.0,3.0,3.0,3.0,3.0,3.0,3.0,3.0,3.0,3.0,3.0,3.0,3.0,3.0,3.0,3.0,3.0,3.0,3.0,3.0,3.0,3.0,3.0,3.0,3.0,3.0,3.0,3.0,3.0,3.0],[3.0,3.0,3.0,3.0,3.0,3.0,3.0,3.0,3.0,3.0,3.0,3.0,3.0,3.0,3.0,3.0,3.0,3.0,3.0,3.0,3.0,3.0,3.0,3.0,3.0,3.0,3.0,3.0,3.0,3.0,3.0,3.0],[3.0,3.0,3.0,3.0,3.0,3.0,3.0,3.0,3.0,3.0,3.0,3.0,3.0,3.0,3.0,3.0,3.0,3.0,3.0,3.0,3.0,3.0,3.0,3.0,3.0,3.0,3.0,3.0,3.0,3.0,3.0,3.0],[3.0,3.0,3.0,3.0,3.0,3.0,3.0,3.0,3.0,3.0,3.0,3.0,3.0,3.0,3.0,3.0,3.0,3.0,3.0,3.0,3.0,3.0,3.0,3.0,3.0,3.0,3.0,3.0,3.0,3.0,3.0,3.0],[3.0,3.0,3.0,3.0,3.0,3.0,3.0,3.0,3.0,3.0,3.0,3.0,3.0,3.0,3.0,3.0,3.0,3.0,3.0,3.0,3.0,3.0,3.0,3.0,3.0,3.0,3.0,3.0,3.0,3.0,3.0,3.0],[3.0,3.0,3.0,3.0,3.0,3.0,3.0,3.0,3.0,3.0,3.0,3.0,3.0,3.0,3.0,3.0,3.0,3.0,3.0,3.0,3.0,3.0,3.0,3.0,3.0,3.0,3.0,3.0,3.0,3.0,3.0,3.0],[3.0,3.0,3.0,3.0,3.0,3.0,3.0,3.0,3.0,3.0,3.0,3.0,3.0,3.0,3.0,3.0,3.0,3.0,3.0,3.0,3.0,3.0,3.0,3.0,3.0,3.0,3.0,3.0,3.0,3.0,3.0,3.0],[3.0,3.0,3.0,3.0,3.0,3.0,3.0,3.0,3.0,3.0,3.0,3.0,3.0,3.0,3.0,3.0,3.0,3.0,3.0,3.0,3.0,3.0,3.0,3.0,3.0,3.0,3.0,3.0,3.0,3.0,3.0,3.0],[3.0,3.0,3.0,3.0,3.0,3.0,3.0,3.0,3.0,3.0,3.0,3.0,3.0,3.0,3.0,3.0,3.0,3.0,3.0,3.0,3.0,3.0,3.0,3.0,3.0,3.0,3.0,3.0,3.0,3.0,3.0,3.0],[3.0,3.0,3.0,3.0,3.0,3.0,3.0,3.0,3.0,3.0,3.0,3.0,3.0,3.0,3.0,3.0,3.0,3.0,3.0,3.0,3.0,3.0,3.0,3.0,3.0,3.0,3.0,3.0,3.0,3.0,3.0,3.0],[3.0,3.0,3.0,3.0,3.0,3.0,3.0,3.0,3.0,3.0,3.0,3.0,3.0,3.0,3.0,3.0,3.0,3.0,3.0,3.0,3.0,3.0,3.0,3.0,3.0,3.0,3.0,3.0,3.0,3.0,3.0,3.0],[3.0,3.0,3.0,3.0,3.0,3.0,3.0,3.0,3.0,3.0,3.0,3.0,3.0,3.0,3.0,3.0,3.0,3.0,3.0,3.0,3.0,3.0,3.0,3.0,3.0,3.0,3.0,3.0,3.0,3.0,3.0,3.0],[3.0,3.0,3.0,3.0,3.0,3.0,3.0,3.0,3.0,3.0,3.0,3.0,3.0,3.0,3.0,3.0,3.0,3.0,3.0,3.0,3.0,3.0,3.0,3.0,3.0,3.0,3.0,3.0,3.0,3.0,3.0,3.0],[3.0,3.0,3.0,3.0,3.0,3.0,3.0,3.0,3.0,3.0,3.0,3.0,3.0,3.0,3.0,3.0,3.0,3.0,3.0,3.0,3.0,3.0,3.0,3.0,3.0,3.0,3.0,3.0,3.0,3.0,3.0,3.0],[3.0,3.0,3.0,3.0,3.0,3.0,3.0,3.0,3.0,3.0,3.0,3.0,3.0,3.0,3.0,3.0,3.0,3.0,3.0,3.0,3.0,3.0,3.0,3.0,3.0,3.0,3.0,3.0,3.0,3.0,3.0,3.0],[3.0,3.0,3.0,3.0,3.0,3.0,3.0,3.0,3.0,3.0,3.0,3.0,3.0,3.0,3.0,3.0,3.0,3.0,3.0,3.0,3.0,3.0,3.0,3.0,3.0,3.0,3.0,3.0,3.0,3.0,3.0,3.0],[3.0,3.0,3.0,3.0,3.0,3.0,3.0,3.0,3.0,3.0,3.0,3.0,3.0,3.0,3.0,3.0,3.0,3.0,3.0,3.0,3.0,3.0,3.0,3.0,3.0,3.0,3.0,3.0,3.0,3.0,3.0,3.0],[3.0,3.0,3.0,3.0,3.0,3.0,3.0,3.0,3.0,3.0,3.0,3.0,3.0,3.0,3.0,3.0,3.0,3.0,3.0,3.0,3.0,3.0,3.0,3.0,3.0,3.0,3.0,3.0,3.0,3.0,3.0,3.0],[3.0,3.0,3.0,3.0,3.0,3.0,3.0,3.0,3.0,3.0,3.0,3.0,3.0,3.0,3.0,3.0,3.0,3.0,3.0,3.0,3.0,3.0,3.0,3.0,3.0,3.0,3.0,3.0,3.0,3.0,3.0,3.0]],"type":"surface"},{"colorscale":[[0,"blue"],[1,"blue"]],"opacity":0.1,"showscale":false,"x":[[1.0,1.25,1.5,1.75,2.0,2.25,2.5,2.75,3.0,3.25,3.5,3.75,4.0,4.25,4.5,4.75,5.0,5.25,5.5,5.75,6.0,6.25,6.5,6.75,7.0,7.25,7.5,7.75,8.0,8.25,8.5,8.75],[1.0,1.25,1.5,1.75,2.0,2.25,2.5,2.75,3.0,3.25,3.5,3.75,4.0,4.25,4.5,4.75,5.0,5.25,5.5,5.75,6.0,6.25,6.5,6.75,7.0,7.25,7.5,7.75,8.0,8.25,8.5,8.75]],"y":[[9.0,7.2,6.000000000000001,5.142857142857143,4.499999999999999,4.0,3.5999999999999996,3.272727272727273,3.0000000000000004,2.7692307692307696,2.5714285714285716,2.4000000000000004,2.25,2.1176470588235294,2.0000000000000004,1.8947368421052624,1.8,1.7142857142857146,1.6363636363636365,1.5652173913043481,1.5000000000000002,1.44,1.3846153846153848,1.3333333333333333,1.2857142857142858,1.2413793103448276,1.1999999999999997,1.1612903225806452,1.1249999999999998,1.0909090909090908,1.0588235294117645,1.0285714285714287],[9.0,7.2,6.000000000000001,5.142857142857143,4.499999999999999,4.0,3.5999999999999996,3.272727272727273,3.0000000000000004,2.7692307692307696,2.5714285714285716,2.4000000000000004,2.25,2.1176470588235294,2.0000000000000004,1.8947368421052624,1.8,1.7142857142857146,1.6363636363636365,1.5652173913043481,1.5000000000000002,1.44,1.3846153846153848,1.3333333333333333,1.2857142857142858,1.2413793103448276,1.1999999999999997,1.1612903225806452,1.1249999999999998,1.0909090909090908,1.0588235294117645,1.0285714285714287]],"z":[[0.0,0.0,0.0,0.0,0.0,0.0,0.0,0.0,0.0,0.0,0.0,0.0,0.0,0.0,0.0,0.0,0.0,0.0,0.0,0.0,0.0,0.0,0.0,0.0,0.0,0.0,0.0,0.0,0.0,0.0,0.0,0.0],[6.0,6.0,6.0,6.0,6.0,6.0,6.0,6.0,6.0,6.0,6.0,6.0,6.0,6.0,6.0,6.0,6.0,6.0,6.0,6.0,6.0,6.0,6.0,6.0,6.0,6.0,6.0,6.0,6.0,6.0,6.0,6.0]],"type":"surface"},{"marker":{"color":"blue","size":5},"x":[1.0,1.25,1.5,1.75,2.0,2.25,2.5,2.75,3.0,3.25,3.5,3.75,4.0,4.25,4.5,4.75,5.0,5.25,5.5,5.75,6.0,6.25,6.5,6.75,7.0,7.25,7.5,7.75,8.0,8.25,8.5,8.75],"y":[9.0,7.2,6.000000000000001,5.142857142857143,4.499999999999999,4.0,3.5999999999999996,3.272727272727273,3.0000000000000004,2.7692307692307696,2.5714285714285716,2.4000000000000004,2.25,2.1176470588235294,2.0000000000000004,1.8947368421052624,1.8,1.7142857142857146,1.6363636363636365,1.5652173913043481,1.5000000000000002,1.44,1.3846153846153848,1.3333333333333333,1.2857142857142858,1.2413793103448276,1.1999999999999997,1.1612903225806452,1.1249999999999998,1.0909090909090908,1.0588235294117645,1.0285714285714287],"z":[3.0,3.0,3.0,3.0,3.0,3.0,3.0,3.0,3.0,3.0,3.0,3.0,3.0,3.0,3.0,3.0,3.0,3.0,3.0,3.0,3.0,3.0,3.0,3.0,3.0,3.0,3.0,3.0,3.0,3.0,3.0,3.0],"type":"scatter3d"}],"layout":{"template":{"data":{"histogram2dcontour":[{"type":"histogram2dcontour","colorbar":{"outlinewidth":0,"ticks":""},"colorscale":[[0.0,"#0d0887"],[0.1111111111111111,"#46039f"],[0.2222222222222222,"#7201a8"],[0.3333333333333333,"#9c179e"],[0.4444444444444444,"#bd3786"],[0.5555555555555556,"#d8576b"],[0.6666666666666666,"#ed7953"],[0.7777777777777778,"#fb9f3a"],[0.8888888888888888,"#fdca26"],[1.0,"#f0f921"]]}],"choropleth":[{"type":"choropleth","colorbar":{"outlinewidth":0,"ticks":""}}],"histogram2d":[{"type":"histogram2d","colorbar":{"outlinewidth":0,"ticks":""},"colorscale":[[0.0,"#0d0887"],[0.1111111111111111,"#46039f"],[0.2222222222222222,"#7201a8"],[0.3333333333333333,"#9c179e"],[0.4444444444444444,"#bd3786"],[0.5555555555555556,"#d8576b"],[0.6666666666666666,"#ed7953"],[0.7777777777777778,"#fb9f3a"],[0.8888888888888888,"#fdca26"],[1.0,"#f0f921"]]}],"heatmap":[{"type":"heatmap","colorbar":{"outlinewidth":0,"ticks":""},"colorscale":[[0.0,"#0d0887"],[0.1111111111111111,"#46039f"],[0.2222222222222222,"#7201a8"],[0.3333333333333333,"#9c179e"],[0.4444444444444444,"#bd3786"],[0.5555555555555556,"#d8576b"],[0.6666666666666666,"#ed7953"],[0.7777777777777778,"#fb9f3a"],[0.8888888888888888,"#fdca26"],[1.0,"#f0f921"]]}],"heatmapgl":[{"type":"heatmapgl","colorbar":{"outlinewidth":0,"ticks":""},"colorscale":[[0.0,"#0d0887"],[0.1111111111111111,"#46039f"],[0.2222222222222222,"#7201a8"],[0.3333333333333333,"#9c179e"],[0.4444444444444444,"#bd3786"],[0.5555555555555556,"#d8576b"],[0.6666666666666666,"#ed7953"],[0.7777777777777778,"#fb9f3a"],[0.8888888888888888,"#fdca26"],[1.0,"#f0f921"]]}],"contourcarpet":[{"type":"contourcarpet","colorbar":{"outlinewidth":0,"ticks":""}}],"contour":[{"type":"contour","colorbar":{"outlinewidth":0,"ticks":""},"colorscale":[[0.0,"#0d0887"],[0.1111111111111111,"#46039f"],[0.2222222222222222,"#7201a8"],[0.3333333333333333,"#9c179e"],[0.4444444444444444,"#bd3786"],[0.5555555555555556,"#d8576b"],[0.6666666666666666,"#ed7953"],[0.7777777777777778,"#fb9f3a"],[0.8888888888888888,"#fdca26"],[1.0,"#f0f921"]]}],"surface":[{"type":"surface","colorbar":{"outlinewidth":0,"ticks":""},"colorscale":[[0.0,"#0d0887"],[0.1111111111111111,"#46039f"],[0.2222222222222222,"#7201a8"],[0.3333333333333333,"#9c179e"],[0.4444444444444444,"#bd3786"],[0.5555555555555556,"#d8576b"],[0.6666666666666666,"#ed7953"],[0.7777777777777778,"#fb9f3a"],[0.8888888888888888,"#fdca26"],[1.0,"#f0f921"]]}],"mesh3d":[{"type":"mesh3d","colorbar":{"outlinewidth":0,"ticks":""}}],"scatter":[{"fillpattern":{"fillmode":"overlay","size":10,"solidity":0.2},"type":"scatter"}],"parcoords":[{"type":"parcoords","line":{"colorbar":{"outlinewidth":0,"ticks":""}}}],"scatterpolargl":[{"type":"scatterpolargl","marker":{"colorbar":{"outlinewidth":0,"ticks":""}}}],"bar":[{"error_x":{"color":"#2a3f5f"},"error_y":{"color":"#2a3f5f"},"marker":{"line":{"color":"#E5ECF6","width":0.5},"pattern":{"fillmode":"overlay","size":10,"solidity":0.2}},"type":"bar"}],"scattergeo":[{"type":"scattergeo","marker":{"colorbar":{"outlinewidth":0,"ticks":""}}}],"scatterpolar":[{"type":"scatterpolar","marker":{"colorbar":{"outlinewidth":0,"ticks":""}}}],"histogram":[{"marker":{"pattern":{"fillmode":"overlay","size":10,"solidity":0.2}},"type":"histogram"}],"scattergl":[{"type":"scattergl","marker":{"colorbar":{"outlinewidth":0,"ticks":""}}}],"scatter3d":[{"type":"scatter3d","line":{"colorbar":{"outlinewidth":0,"ticks":""}},"marker":{"colorbar":{"outlinewidth":0,"ticks":""}}}],"scattermapbox":[{"type":"scattermapbox","marker":{"colorbar":{"outlinewidth":0,"ticks":""}}}],"scatterternary":[{"type":"scatterternary","marker":{"colorbar":{"outlinewidth":0,"ticks":""}}}],"scattercarpet":[{"type":"scattercarpet","marker":{"colorbar":{"outlinewidth":0,"ticks":""}}}],"carpet":[{"aaxis":{"endlinecolor":"#2a3f5f","gridcolor":"white","linecolor":"white","minorgridcolor":"white","startlinecolor":"#2a3f5f"},"baxis":{"endlinecolor":"#2a3f5f","gridcolor":"white","linecolor":"white","minorgridcolor":"white","startlinecolor":"#2a3f5f"},"type":"carpet"}],"table":[{"cells":{"fill":{"color":"#EBF0F8"},"line":{"color":"white"}},"header":{"fill":{"color":"#C8D4E3"},"line":{"color":"white"}},"type":"table"}],"barpolar":[{"marker":{"line":{"color":"#E5ECF6","width":0.5},"pattern":{"fillmode":"overlay","size":10,"solidity":0.2}},"type":"barpolar"}],"pie":[{"automargin":true,"type":"pie"}]},"layout":{"autotypenumbers":"strict","colorway":["#636efa","#EF553B","#00cc96","#ab63fa","#FFA15A","#19d3f3","#FF6692","#B6E880","#FF97FF","#FECB52"],"font":{"color":"#2a3f5f"},"hovermode":"closest","hoverlabel":{"align":"left"},"paper_bgcolor":"white","plot_bgcolor":"#E5ECF6","polar":{"bgcolor":"#E5ECF6","angularaxis":{"gridcolor":"white","linecolor":"white","ticks":""},"radialaxis":{"gridcolor":"white","linecolor":"white","ticks":""}},"ternary":{"bgcolor":"#E5ECF6","aaxis":{"gridcolor":"white","linecolor":"white","ticks":""},"baxis":{"gridcolor":"white","linecolor":"white","ticks":""},"caxis":{"gridcolor":"white","linecolor":"white","ticks":""}},"coloraxis":{"colorbar":{"outlinewidth":0,"ticks":""}},"colorscale":{"sequential":[[0.0,"#0d0887"],[0.1111111111111111,"#46039f"],[0.2222222222222222,"#7201a8"],[0.3333333333333333,"#9c179e"],[0.4444444444444444,"#bd3786"],[0.5555555555555556,"#d8576b"],[0.6666666666666666,"#ed7953"],[0.7777777777777778,"#fb9f3a"],[0.8888888888888888,"#fdca26"],[1.0,"#f0f921"]],"sequentialminus":[[0.0,"#0d0887"],[0.1111111111111111,"#46039f"],[0.2222222222222222,"#7201a8"],[0.3333333333333333,"#9c179e"],[0.4444444444444444,"#bd3786"],[0.5555555555555556,"#d8576b"],[0.6666666666666666,"#ed7953"],[0.7777777777777778,"#fb9f3a"],[0.8888888888888888,"#fdca26"],[1.0,"#f0f921"]],"diverging":[[0,"#8e0152"],[0.1,"#c51b7d"],[0.2,"#de77ae"],[0.3,"#f1b6da"],[0.4,"#fde0ef"],[0.5,"#f7f7f7"],[0.6,"#e6f5d0"],[0.7,"#b8e186"],[0.8,"#7fbc41"],[0.9,"#4d9221"],[1,"#276419"]]},"xaxis":{"gridcolor":"white","linecolor":"white","ticks":"","title":{"standoff":15},"zerolinecolor":"white","automargin":true,"zerolinewidth":2},"yaxis":{"gridcolor":"white","linecolor":"white","ticks":"","title":{"standoff":15},"zerolinecolor":"white","automargin":true,"zerolinewidth":2},"scene":{"xaxis":{"backgroundcolor":"#E5ECF6","gridcolor":"white","linecolor":"white","showbackground":true,"ticks":"","zerolinecolor":"white","gridwidth":2},"yaxis":{"backgroundcolor":"#E5ECF6","gridcolor":"white","linecolor":"white","showbackground":true,"ticks":"","zerolinecolor":"white","gridwidth":2},"zaxis":{"backgroundcolor":"#E5ECF6","gridcolor":"white","linecolor":"white","showbackground":true,"ticks":"","zerolinecolor":"white","gridwidth":2}},"shapedefaults":{"line":{"color":"#2a3f5f"}},"annotationdefaults":{"arrowcolor":"#2a